0.000093732380	0.000153491405	-0.001047707988	0.000073356976	-0.000116564457	0.001053528932	-0.000441307941	-0.006816746443
0.000153491405	0.002722553973	0.002004295130	-0.019306672909	-0.001043205988	-0.001123257151	0.022339964900	-0.016231821051
-0.001047707988	0.002004295130	0.021632789947	-0.037578507033	0.000483311078	-0.017608583976	0.042967911670	0.079451727788
0.000073356976	-0.019306672909	-0.037578507033	0.165851596569	0.005803247738	0.025904355059	-0.187423694071	0.015586422164
-0.000116564457	-0.001043205988	0.000483311078	0.005803247738	0.000896779503	-0.001715931887	-0.008900893191	0.024803626053
0.001053528932	-0.001123257151	-0.017608583976	0.025904355059	-0.001715931887	0.028246871524	-0.057123734991	-0.150720976515
-0.000441307941	0.022339964900	0.042967911670	-0.187423694071	-0.008900893191	-0.057123734991	0.353318519562	0.042389936108
-0.006816746443	-0.016231821051	0.079451727788	0.015586422164	0.024803626053	-0.150720976515	0.042389936108	1.126581336227